image_width: 640
image_height: 480
camera_name: camera
camera_matrix:
  rows: 3
  cols: 3
  data: [750.988141, 0.000000, 308.898100, 0.000000, 754.348885, 246.906467, 0.000000, 0.000000, 1.000000]
distortion_model: plumb_bob
distortion_coefficients:
  rows: 1
  cols: 5
  data: [-0.087108, 0.199784, -0.000242, -0.002028, 0.000000]
rectification_matrix:
  rows: 3
  cols: 3
  data: [1.000000, 0.000000, 0.000000, 0.000000, 1.000000, 0.000000, 0.000000, 0.000000, 1.000000]
projection_matrix:
  rows: 3
  cols: 4
  data: [744.732361, 0.000000, 308.027318, 0.000000, 0.000000, 749.255310, 246.891630, 0.000000, 0.000000, 0.000000, 1.000000, 0.000000]
