image_width: 640
image_height: 480
camera_name: camera
camera_matrix:
  rows: 3
  cols: 3
  data: [524.722300, 0.000000, 309.415463, 0.000000, 525.339911, 247.997375, 0.000000, 0.000000, 1.000000]
distortion_model: plumb_bob
distortion_coefficients:
  rows: 1
  cols: 5
  data: [-0.070609, 0.159319, -0.000378, -0.001107, 0.000000]
rectification_matrix:
  rows: 3
  cols: 3
  data: [1.000000, 0.000000, 0.000000, 0.000000, 1.000000, 0.000000, 0.000000, 0.000000, 1.000000]
projection_matrix:
  rows: 3
  cols: 4
  data: [531.549805, 0.000000, 309.494810, 0.000000, 0.000000, 532.012756, 247.480161, 0.000000, 0.000000, 0.000000, 1.000000, 0.000000]
